time,x,y,z,phi,theta,psi,x_velocity,y_velocity,z_velocity,phi_velocity,theta_velocity,psi_velocity,rotor_speed1,rotor_speed2,rotor_speed3,rotor_speed4
0.06,3.82709052492e-08,2.02352602734e-07,10.0008394357,0.000224291530919,6.28312249997,0.0,4.06490734153e-06,1.78004425421e-05,0.0279806029428,0.0103263546385,-0.00322732569789,0.0,413.947863853606,413.66384283419313,412.5778281723123,413.48831618243605
0.12000000000000001,2.54351975108e-06,9.45632139417e-06,10.0090453413,0.00082855803003,6.28304703563,0.0,9.51935736431e-05,0.000363742666276,0.245527343912,0.00955566267404,0.00241632711589,0.0,473.08952259072186,473.5238193691884,472.18942656737715,472.12984873994526
0.18,1.035688884e-05,5.06317445511e-05,10.0269006123,0.00127563289728,6.28270599588,0.0,0.000165509081002,0.00106148498803,0.349621529368,0.00286979584102,-0.0314330220961,0.0,440.0595375833943,437.24912332037763,438.17328957589956,437.61710542274614
0.23999999999999996,3.94251372965e-05,0.000144346795777,10.0532096612,0.00140537294238,6.28067186793,0.0,0.00102526803505,0.00207944394229,0.527280801628,0.000708370319336,-0.0393633292243,0.0,461.21288300664173,460.5857831424175,461.26071015006204,461.08996882737006
0.3,0.000172721496481,0.000303713497725,10.0914791643,0.00167632623845,6.2780678439,0.0,0.00371347129128,0.00325250356059,0.7482495633,0.0112119606351,-0.0530278492985,0.0,474.41371865764364,473.3625432578449,473.81433824745585,474.6209721342235
0.36000000000000004,0.000534789037295,0.00054289152961,10.1431529237,0.00237125936876,6.27505418414,0.0,0.0087275393568,0.00480229399357,0.974041559195,0.0123126350771,-0.0451467400012,0.0,475.58882972601646,476.19057464402675,475.5527845265291,475.63694288217886
0.4200000000000001,0.00124653421858,0.00088562086961,10.2057192334,0.00305912334148,6.27201249295,0.0,0.0153018251676,0.00669846023779,1.11137531995,0.00971156458601,-0.065105912815,0.0,451.0141267247716,449.39767442903803,449.0323470756694,448.82119244202886
0.48000000000000015,0.00245191664767,0.00136398885662,10.2788848268,0.00325363875019,6.26799252135,0.0,0.0253467470608,0.00929859857418,1.3272461755,-0.0146399574028,-0.0710824105957,0.0,473.8198902174666,473.35718528299856,474.32448651814707,472.4508554060498
0.5400000000000001,0.00434774132062,0.00199502997677,10.3643438207,0.00278540155696,6.26322445833,0.0,0.0383545867773,0.0116603749876,1.52114072833,0.0032123885751,-0.106934152939,0.0,468.9281867216446,466.1297946705538,466.7676761870455,468.158767467694
0.6000000000000002,0.00708961235993,0.0027533159935,10.4587804179,0.00281260626884,6.25663321448,0.0,0.0537058469279,0.0136273634497,1.62658623965,-0.00573164192977,-0.116441489652,0.0,440.3728092587955,439.57487698580724,442.3174427889564,441.5803072032742
0.6600000000000003,0.0109676221665,0.00363586877926,10.5622548799,0.00265891666869,6.2494841663,0.0,0.0763731228597,0.0157620451061,1.82224683916,0.00312548603862,-0.125203554253,0.0,469.0161384668106,468.323147651092,468.78532911150785,469.4730579757469
0.7200000000000003,0.0164393758189,0.00465062588028,10.6792673715,0.0033694757878,6.2420166101,0.0,0.106939576977,0.0181231129578,2.07770544024,0.0252119609088,-0.123012196749,0.0,487.0864298248211,487.23768806990597,485.970038438222,487.6225397484517
0.7800000000000004,0.0238001472731,0.00581898825026,10.8084808862,0.0047771017191,6.23522535196,0.0,0.139178279458,0.0209814244822,2.22909196648,0.0197050782061,-0.0985431424455,0.0,455.99789407414164,457.9368970849886,457.7365624988352,457.29817458602577
0.8400000000000004,0.0331134469401,0.00717599436671,10.9442231328,0.00583422497617,6.23074605092,0.0,0.171741686662,0.0243603023411,2.29549039506,0.0130805975198,-0.0481024358387,0.0,429.63789519628295,433.88746495125974,431.0332159910045,430.47297551620176
0.9000000000000005,0.0445693492384,0.00876756439942,11.0860161166,0.00669920774857,6.22808053373,0.0,0.210402787812,0.0287787887539,2.43064401351,0.0169622926336,-0.037934595652,0.0,452.21090197232047,453.0280635327677,453.76751021556424,454.07888676843055
0.9600000000000005,0.0583550066585,0.0106383924139,11.2350966504,0.00787965172209,6.22573014822,0.0,0.249343414277,0.0336942575217,2.53845457799,0.0246098270591,-0.0417721508459,0.0,445.35520604302314,445.0404522798413,445.3245056903567,445.9495704883
1.0200000000000005,0.0747739026619,0.0128652381211,11.3949158552,0.00934523737057,6.223709931,0.0,0.298194614475,0.0407116429944,2.7882525833,0.0240571265523,-0.0210484214399,0.0,487.984441533872,489.52849425429645,488.034389890447,487.99316066710327
1.0800000000000005,0.0938404014339,0.0154971112031,11.5642207703,0.0109287095069,6.2219612638,0.0,0.337480265277,0.0471629938874,2.85506379798,0.0306918884378,-0.0548575618284,0.0,435.16722879667867,432.3273671392708,434.46602417275744,435.0221076971188
1.1400000000000006,0.115081683344,0.0185077356443,11.7339180499,0.0124559574402,6.21896932051,0.0,0.37081636101,0.0533282438208,2.80162155372,0.0120996770128,-0.0413955255862,0.0,392.44777592121966,393.693380596145,396.01564120724566,394.3019224175599
1.2000000000000006,0.138811906024,0.0219961398001,11.9072615205,0.0134706934159,6.21700807,0.0,0.420406060237,0.0630459256544,2.97602924238,0.0251235085806,-0.0193314036208,0.0,466.1615896449261,467.8820822306515,467.9670617898629,468.97964796328705
1.2600000000000007,0.165274952353,0.026035453137,12.0868275044,0.0149185156997,6.21601412167,0.0,0.461784522193,0.07173261432,3.00939943016,0.0220664727899,-0.011540707389,0.0,424.3554577254861,425.0237640367246,424.5509786399353,424.28870092678306
1.3200000000000007,0.19431914085,0.0306408070745,12.2696158398,0.0159776519032,6.2155815516,0.0,0.506391165622,0.0818947476868,3.0833337352,0.00691019393491,0.000287261426286,0.0,437.08900536296295,438.0737503941112,438.90465197589674,437.64487628788237
1.3800000000000008,0.226268319225,0.0359271013196,12.4601402275,0.0167485407268,6.21582879231,0.0,0.558525201142,0.094376764728,3.26696102523,0.0226574641812,0.0108569685229,0.0,471.6496419029058,472.4652045335975,471.4823766019814,472.6973433752234
1.4400000000000008,0.261030061521,0.0419063812598,12.6571344795,0.0178673892416,6.21628271494,0.0,0.60013514819,0.10504620869,3.29941411945,0.00909539473742,-3.34950502543e-07,0.0,426.69462059138453,425.7665923335458,426.53313828189243,425.37325683643627
1.5000000000000009,0.298633385028,0.0486386097176,12.8613396485,0.0179807488509,6.21650239376,0.0,0.653246846794,0.119396689656,3.50679856909,-0.019192017628,0.0101298943274,0.0,480.5645072067951,481.3317200265128,480.7260887227046,478.5777876164427
1.560000000000001,0.339245900056,0.0561819204395,13.0754600514,0.0165940223131,6.21686798818,0.0,0.700417315989,0.131907435009,3.63015924649,-0.0324064529244,-0.00353701782472,0.0,456.90990864799784,455.81889557328157,457.110732362002,456.0563700946508
1.620000000000001,0.382877547466,0.0644908188181,13.2999153353,0.0147327104482,6.21645581191,0.0,0.753951304556,0.144815584249,3.85095189416,-0.0283877465193,-0.0145447971484,0.0,486.79961999901496,485.9752974595572,485.86631188910684,486.1672813819349
1.680000000000001,0.42945061096,0.0734690990755,13.5334088602,0.012699216119,6.21565364889,0.0,0.798540539124,0.154273605205,3.93187490813,-0.0481513459245,-0.0111165565789,0.0,445.6545044650112,445.93476836567476,446.37030807800267,444.7538802249866
1.740000000000001,0.47884244387,0.0829940657264,13.7736735246,0.0106409643816,6.2152672062,0.0,0.847866297108,0.162959301085,4.07642738523,-0.0154995335441,0.00157003133294,0.0,465.5756755728551,466.5673841749604,464.3165891748941,466.8706775107896
1.8000000000000012,0.531049280165,0.0929785645463,14.0204283577,0.00936322889866,6.21543279629,0.0,0.892321023191,0.169749626494,4.14846521514,-0.0365945155738,0.00503930319102,0.0,444.76201509262023,445.0460328713263,445.1534689903277,443.42370131643906
1.8600000000000012,0.585989116328,0.103350324653,14.2725677013,0.00663790632711,6.21603286296,0.0,0.938921017553,0.175731124404,4.25577952686,-0.0760229825654,0.0184304611354,0.0,454.95379634035,456.02470282814096,458.34080820232543,455.1945699731025
1.9200000000000013,0.643600924954,0.114005222841,14.5295620955,0.00220823834517,6.21736538381,0.0,0.981329651093,0.179001555723,4.31049941474,-0.0697660410215,0.0288582533715,0.0,440.5896144365359,441.45102529102917,439.76941269075644,440.28310777403885
1.9800000000000013,0.703577515452,0.12476848571,14.7875657627,6.28084409336,6.21933858363,0.0,1.01772536321,0.179408648336,4.28971187813,-0.0920814156757,0.0399219589133,0.0,416.16640685790736,417.1342814868651,416.8473178417626,414.8872133418835
2.0400000000000014,0.766027888227,0.135456723011,15.0494999538,6.27520640246,6.22201012257,0.0,1.06362360859,0.176255170413,4.44086420373,-0.0980118687249,0.0524273573998,0.0,469.92649231090707,470.8959359342513,470.64001964903093,470.17378131722546
2.1000000000000014,0.830952571083,0.145860909299,15.3169794507,6.268837333,6.22556256684,0.0,1.10019726412,0.169994090727,4.4750054242,-0.132083843351,0.0701461502475,0.0,434.89448464024514,436.37871756842407,436.5486513103849,433.6849835382682
2.1600000000000015,0.898073849021,0.155741787903,15.5878302818,6.26091589979,6.22948259789,0.0,1.13674052879,0.158588084318,4.55306775325,-0.13190437213,0.0533690355973,0.0,450.1262797763877,448.76941395230244,449.60302529771417,449.601769220414
2.2200000000000015,0.967202839158,0.164826820345,15.8613726094,6.25248877368,6.23323833109,0.0,1.16722688559,0.143527627094,4.56497426692,-0.168961852282,0.0765598126003,0.0,427.6023023145938,429.57644435271425,431.08903064900414,427.92542347179176
2.2800000000000016,1.03834647673,0.17267675984,16.1409305092,6.24321064693,6.23753193056,0.0,1.20365831369,0.117052660433,4.75286126922,-0.135399072247,0.0589957651086,0.0,483.6915533636861,482.3702833525463,482.11370566949665,484.6217667415295
2.3400000000000016,1.11140709569,0.17888468837,16.4279948096,6.23514492827,6.24083452033,0.0,1.23133591741,0.0891053800046,4.81568097065,-0.132557184329,0.0456592580885,0.0,446.91653532046735,445.8300429981932,447.6457747860539,447.86048065728414
2.4000000000000017,1.18606917464,0.183251820039,16.7189623281,6.22759238837,6.24330764905,0.0,1.25711814191,0.0557272099375,4.88293324907,-0.115072358373,0.030400351115,0.0,449.1405167054335,447.90195779523964,448.8292827923245,450.23184715611245
2.4600000000000017,1.26225996753,0.185427504925,17.014720044,6.220264515,6.24511947292,0.0,1.28236253412,0.0161063942747,4.97522919707,-0.142498924691,0.0297874316857,0.0,457.1555508119895,457.10696862840746,458.8072955976492,456.61069749224316
2.520000000000002,1.33988716179,0.185135736965,17.3149843874,6.21144787007,6.24676657462,0.0,1.30502298561,-0.0266466719425,5.03328415584,-0.15776375298,0.0223157436371,0.0,449.0285123003446,448.4220633599696,447.3118805754254,446.04653252748375
2.580000000000002,1.4188458405,0.18209397055,17.6188609029,6.20194955867,6.24829476961,0.0,1.32677162564,-0.0756403245542,5.09559508188,-0.15940918091,0.0311300626562,0.0,449.38000217802215,450.09413120373534,449.699790478705,449.5430118114158
2.640000000000002,1.49917071473,0.17569695084,17.9292220403,6.19208049091,6.25034387491,0.0,1.3504702882,-0.138600988798,5.24900011411,-0.177280029561,0.0395966338074,0.0,477.34555051604053,477.991676087009,479.0130390889728,477.6278909595723
2.700000000000002,1.58075234461,0.16562657409,18.2452475904,6.18139662804,6.25271726301,0.0,1.36867722681,-0.19804979766,5.28493396546,-0.179678639119,0.0394760370756,0.0,443.4595292066129,443.45041420940095,444.0981142743356,443.8706561292087
2.760000000000002,1.66340696744,0.15169197485,18.5643382005,6.17067431582,6.25477219784,0.0,1.3862355388,-0.267446664782,5.3510033089,-0.176828857037,0.0209312444992,0.0,453.5825076339003,452.0909485767844,454.52011082427464,454.71843645841443
2.820000000000002,1.74713883219,0.133128120669,18.8895923449,6.15981316705,6.25620935407,0.0,1.4046499175,-0.352424219367,5.48999424404,-0.191077036326,0.0293973899227,0.0,476.0020125119571,476.6495765493673,477.67376621455486,476.55635456947215
2.880000000000002,1.83188293367,0.109492199357,19.2210407115,6.14802536837,6.25791897424,0.0,1.41996210987,-0.436522080621,5.55779547803,-0.210290995881,0.0266223460086,0.0,457.5879150408022,457.3671119199372,456.962294868139,455.3906967089811
2.940000000000002,1.91752884791,0.0804708556878,19.5572825892,6.1362168859,6.25901570319,0.0,1.43473114057,-0.532009779763,5.64961609275,-0.17836949745,-0.00895582021362,0.0,466.56592723688124,463.779390696324,464.07704030890625,466.53929723390416
3.000000000000002,2.00401493828,0.045663484637,19.8978148269,6.12517564121,6.2592141413,0.0,1.44813431664,-0.62921333957,5.70099248305,-0.198770376887,0.020569854206,0.0,453.35970766064537,455.72629082903563,454.53208615005616,452.8613072620107
3.0600000000000023,2.09127326453,0.00495078745855,20.2405152372,6.11352014606,6.26033452183,0.0,1.46035500252,-0.728911518742,5.72202161518,-0.186501762286,0.0145806831388,0.0,445.4341617287433,444.94396106616557,445.40571059453,446.37131578982485
3.1200000000000023,2.17929861443,-0.0423752506447,20.5868711955,6.10237492749,6.26174134429,0.0,1.47367800165,-0.849657998619,5.82239753292,-0.184300087337,0.0369925322172,0.0,469.8196180220873,471.55441150511564,471.0539201668038,471.1928409811727
3.1800000000000024,2.26803173591,-0.0967119462025,20.9367021274,6.09120220348,6.26512195992,0.0,1.48380569099,-0.962529138002,5.83829823653,-0.190333024841,0.0797794129242,0.0,444.7572167152171,448.25037313876203,446.24311046459053,445.71669016967684
3.2400000000000024,2.35727693576,-0.157770088604,21.286156332,6.07956597969,6.26974818679,0.0,1.49061699918,-1.07371098338,5.81006382892,-0.20233176432,0.0711329190423,0.0,432.5585438147849,431.8345082868253,433.56335594589666,432.51586813978605
3.3000000000000025,2.44687482136,-0.226115431572,21.6358839287,6.06733957793,6.27442167573,0.0,1.49553195955,-1.20553490013,5.8470047905,-0.206819215795,0.0888004652334,0.0,453.5371783537454,454.95882161532893,453.91865254576413,453.51846375616185
3.3600000000000025,2.5366327314,-0.301565453143,21.9831135867,6.05561199409,6.28059128196,0.0,1.49596488469,-1.31041599032,5.72765399459,-0.179151048851,0.121791617704,0.0,400.93010913275543,403.92692637899336,401.7670409631323,404.22592429019386
3.4200000000000026,2.62632644367,-0.384865759098,22.3291239439,6.04521537526,0.00443441714227,0.0,1.49307224862,-1.46718226613,5.80526798119,-0.163567640484,0.105687894859,0.0,467.9914583619101,466.74753060497676,466.4925989693269,467.68061566432783
3.4800000000000026,2.71572569861,-0.476741317223,22.6755056945,6.03524793931,0.0104719392912,0.0,1.48638563663,-1.59615552975,5.7407999111,-0.171792638525,0.0878616870366,0.0,423.30694383949947,421.77899256611033,423.3356492438861,422.5991651477786
3.5400000000000027,2.80458161966,-0.577460563917,23.0216899182,6.02496461305,0.0160611642073,0.0,1.47493186386,-1.76202355229,5.79795463647,-0.170594150323,0.102052757931,0.0,462.13187752635724,463.25619157782455,462.4377193056468,462.5052017759175
3.6000000000000028,2.89263549096,-0.688282788211,23.371068233,6.01526390082,0.0225112498054,0.0,1.45957253404,-1.93287755822,5.84728726044,-0.148088542957,0.116621669704,0.0,461.5223270958489,462.680560217061,460.3284194042532,462.08197904657413
3.660000000000003,2.97972256586,-0.808543500587,23.7197510539,6.00663340673,0.0296567605576,0.0,1.44274565691,-2.07654685624,5.77546502034,-0.136479876542,0.123619585154,0.0,423.0294502803342,423.64524143176436,422.76353236546186,423.7422752733263
3.720000000000003,3.06556433755,-0.938586880753,24.0676876688,5.99886422567,0.0369801523575,0.0,1.41792448264,-2.25886421239,5.82172736417,-0.118274273327,0.118734804456,0.0,462.2698411225804,461.89752651558064,461.7612497456768,463.18061821139025
3.780000000000003,3.14977703021,-1.07965722125,24.4181490938,5.99196630167,0.0446773579938,0.0,1.38844679664,-2.44402198124,5.85966454262,-0.109060773215,0.142620021352,0.0,459.67488990575333,461.5781979161381,461.2235187579556,461.93945404252725
3.840000000000003,3.23222366384,-1.23096356489,24.7675003284,5.98514632807,0.0527187453194,0.0,1.35908003353,-2.60010763858,5.78535406548,-0.124978819044,0.105165914978,0.0,427.4148033854213,424.22647692216145,425.6334643411225,424.2562835183828
3.900000000000003,3.31270042878,-1.39220263322,25.1138233407,5.97767248687,0.058838943944,0.0,1.32294004348,-2.775143099,5.75838460033,-0.123747883693,0.0947858434438,0.0,442.58663684464466,441.7403292103866,440.9542960183309,441.0417686108184
3.960000000000003,3.39086507051,-1.56426070656,25.4590624839,5.96976500555,0.0650788784369,0.0,1.28202171658,-2.96073493359,5.74908421872,-0.15715256506,0.117943437881,0.0,447.5604933082137,449.4507772860597,449.4025462609678,446.6693249344384
4.020000000000002,3.46597839021,-1.74983442976,25.8105224447,5.96021371089,0.0718875658919,0.0,1.2209884705,-3.22571398611,5.96426600762,-0.16360040481,0.10259311165,0.0,518.1196272618938,517.048466468571,519.01865533711,518.5457303100255
4.080000000000001,3.53788172449,-1.9488351029,26.1667510275,5.95077563116,0.0781233830419,0.0,1.175277939,-3.4084248968,5.90963997092,-0.147011109208,0.106476786433,0.0,437.60937692931856,437.9421927166303,438.57559305854795,439.9276374154456
4.14,3.60683914467,-2.15935877635,26.5207973004,5.94169438305,0.0845261226973,0.0,1.12275794853,-3.6097348773,5.89127083321,-0.16186680852,0.107178901232,0.0,451.22431441908594,451.29079964163543,452.4186646447023,451.19928647605906
4.199999999999998,3.672360847,-2.38279125647,26.8755230474,5.93260835612,0.0906733424299,0.0,1.06074059389,-3.83869846856,5.9318435554,-0.136115571824,0.0907676047349,0.0,473.5572269108716,472.3011792131783,470.26220773983675,472.23244066143354
4.259999999999997,3.73439575693,-2.61881686307,27.22900064,5.92422077153,0.0956064106873,0.0,1.00667491513,-4.02952098,5.85044168652,-0.148395183002,0.0536558227403,0.0,435.8668815718135,432.7585770028314,434.1297245244879,433.0790296424663
4.319999999999996,3.79293932967,-2.86708443068,27.5792462197,5.91535127064,0.0982817119466,0.0,0.944563108402,-4.24675131045,5.82368501714,-0.146709726074,0.0120017733106,0.0,455.0111617108124,451.66423255168286,453.2278505529877,453.34330171754885
4.379999999999995,3.84781268882,-3.12822246982,27.9269602422,5.90598945109,0.0988845488059,0.0,0.884551860047,-4.45856451591,5.76620637592,-0.190919151287,0.00581979964216,0.0,444.5590819253675,444.05199332864464,446.73976061653406,443.09432454863907
4.439999999999993,3.89922929429,-3.4017007713,28.2697785217,5.89473619346,0.0996366366109,0.0,0.829324532816,-4.65829139076,5.66066377925,-0.181563811174,0.0233915868685,0.0,429.3534656358051,430.8420148971453,428.2923338308599,429.0518394123421
4.499999999999992,3.94754232041,-3.68651648472,28.6041676477,5.88392963018,0.101363901934,0.0,0.780990393751,-4.83650693654,5.48566263417,-0.17735259272,0.0378391004269,0.0,404.37706012671987,405.67713291548637,404.723398400744,405.0675406120618
4.559999999999991,3.99236467942,-3.98436589736,28.9331277862,5.87311468854,0.103525643398,0.0,0.712977834354,-5.09257749909,5.47851593386,-0.18677172937,0.032138958664,0.0,463.99653137557914,463.54922522343685,465.1689691230281,464.4006485889613
4.6199999999999894,4.03361038802,-4.29572313178,29.2568121081,5.86161164923,0.106076432821,0.0,0.661716148262,-5.28695816776,5.31079884199,-0.204088676622,0.0577786120881,0.0,409.7779891103668,412.05264689694104,410.7241604827778,409.1453245835089
4.679999999999988,4.07128576637,-4.62068416386,29.5742578311,5.85004623047,0.109890458429,0.0,0.593885628026,-5.54593089232,5.26959655995,-0.176477149824,0.0731661481521,0.0,456.21990508992326,457.4499429674821,454.56909761838483,456.74092656873506
4.739999999999987,4.1045388608,-4.96247497269,29.8914323298,5.84034214804,0.114434510675,0.0,0.514237031829,-5.84770648634,5.30125709673,-0.14211875988,0.0804280725344,0.0,482.2446314032241,482.79698631610285,482.0717285393102,484.63800412974086
4.799999999999986,4.13360035041,-5.32005835339,30.2050875743,5.83227502316,0.119585544629,0.0,0.454117739641,-6.07251772077,5.15355412149,-0.122380192918,0.0949352600457,0.0,423.8755296372441,425.1271464516463,423.88612268326625,425.56160257435295
4.859999999999984,4.15900540056,-5.69118202678,30.5095963968,5.82499427174,0.125341557432,0.0,0.392301884052,-6.2990238662,4.99642290411,-0.11935542816,0.097857469739,0.0,421.63634022657453,421.8971799647745,422.1351558935984,422.38201763842477
4.919999999999983,4.18033890973,-6.07701676061,30.8065694182,5.81875634616,0.131282816148,0.0,0.318382668381,-6.56271939153,4.90190139992,-0.0837628607921,0.10125028608,0.0,445.3493411450266,445.6352393710478,444.38398120347273,447.28267825640773
4.979999999999982,4.19695910738,-6.47942377746,31.0989909141,5.81345364201,0.137360818282,0.0,0.235177188294,-6.85126438086,4.84446697517,-0.0997254204961,0.101399269727,0.0,460.5077165636073,460.5279874220609,460.96526272429037,459.6954414576816
5.0399999999999805,4.20855726316,-6.89903766434,31.3873727077,5.80787924891,0.143301027188,0.0,0.150997753839,-7.13636446419,4.76727715028,-0.0819196516699,0.0937251581995,0.0,456.5851852183855,455.98047980172237,455.0332091477961,456.44957003421354
